0.0364752504154845
-1.19581884822558
-0.72813688893701
-0.36922605216894
-1.46957222634024
-1.59793703721119
0.561005102538879
-1.02417171515992
0.10077148334084
0.163533169572577
-0.905831411811585
-0.745931024778902
0.118392285146548
1.46902807169429
-0.222551587363941
-0.498611200485265
0.0159536247785749
1.64449067919039
1.30012907781197
0.0843240156249107
1.17938496310265
-0.542842296345625
1.50586095434982
-0.874447455271772
-2.38929059619406
0.889678667089986
0.603353151738491
-0.803509523096638
1.05240356905524
1.72949576688104
0.257882075646272
-0.956102539692481
-0.0394896988261251
-0.217275659696853
-1.65713126081575
0.13575237791073
-0.942370365538702
1.47588981883169
-1.20135438090998
1.2804387729107
0.890986024421317
-0.802859477247261
-0.321193758038471
-1.26015387569369
-0.806967675608833
0.212998046029108
1.29893821145873
-1.538544995831
0.199262571399029
0.182272112299355
-0.566344119257735
0.811018588184998
0.571353041625228
0.508297348653878
-0.502121489721848
-1.5109739456109
0.360646699078703
-0.750021167174614
1.06547937393292
-0.930798649666328
-0.405862634775623
2.33041451550983
-0.144208676649132
-1.08010832127507
-0.878761857502582
1.07537569613401
0.00160768051578053
0.0744121736923452
-0.0761959350679423
1.48132836804586
0.343288542158615
0.15795296829074
-0.39123735239934
1.06243037189945
-0.92752223209535
-0.928590115272799
-1.42359749326549
-1.31473860882194
-0.383130983281472
0.256502694654487
-0.267074870443629
0.795207043176393
0.507453271342988
-1.24572736412946
-1.05927861683463
0.395931631367753
0.509385317154164
1.43473762983944
0.990339325403283
0.988587678824597
-0.424148574758079
-1.83472237801585
0.104913950020532
0.509415729536934
1.05054850471369
-0.661947995045635
-1.59280546980568
-1.53110376159343
-2.06751241037193
-1.60014786357167
-1.82554562834881
-0.0559750142823051
-0.740329096819171
0.21008169892366
1.31711589674875
-0.323348605698248
-2.00355147591465
-0.243171262987662
-0.210143364161161
-0.627374714406627
0.613539851667368
1.5351341828148
0.751068809967645
-0.782600022580276
-0.95430742572926
1.99847832219964
0.583365707276131
-1.13129921809518
0.0374643380862767
-0.165509159223562
0.526986793360053
-2.21449164378064
-0.32950288861011
0.871289143325972
0.224749947242317
-0.537809928617536
1.20120849341239
-0.444048976524362
1.59331521742407
-0.651274498037438
0.760250571454317
-1.7045047470273
-0.809728897320279
-0.8093469910086
-0.855484598018687
2.09523867566683
-0.626753702612625
-1.48619928723873
0.734869559570869
-0.241649750264281
-0.0152019440442079
0.52687149927123
-0.963977123877568
-0.207243582892895
-1.45089416225328
0.491483015647241
1.03526732575518
-0.154041508277804
1.76726859312187
-0.723951969239761
1.401764339054
-0.754483725226766
0.762724025275899
1.0748459283679
-1.3574366327625
0.271992648756387
0.666095237417235
-0.484595206729353
0.0709187100944951
-0.421457651856555
1.06500402692492
0.915213628253779
0.414025408692031
-0.177185724455568
1.31525924933771
-0.0410301937890932
-1.51387697486671
1.24052194944612
-0.0323827464592395
-1.54533777916399
-1.00989268138781
1.18905510199417
-1.27852293213348
-1.50220468297047
0.246155188064496
-0.0862987475540955
1.04644592555927
-1.64204104425868
-1.4746362822383
0.870206197031226
-0.64348528233528
-0.169872088396918
0.981579866060024
1.39036513558978
0.285517354754342
0.53487531404166
-0.158373044771943
-0.964510635433785
0.645748800719699
-0.717487977212206
0.995915077730827
0.926811079542275
1.01308352704407
0.691815774565845
1.77075473620854
-0.0345534604227235
0.10963991254827
-0.435792776778788
1.35698623469638
-0.571901609997681
0.179155432799972
0.920230293225568
1.14850108403595
0.0976632541108977
-1.21416251094689
2.01269108633151
0.296076178733545
-0.662255891034215
-0.383818689104997
-0.657158028538239
-0.289008446598892
-0.0081136710469748
1.19881384169574
-0.523263542999007
1.78600377692809
0.552754029317779
-0.121260024563446
-0.58879151526166
1.04695107901371
-0.756469885920019
0.974185459578295
-1.67655469347103
-1.37414909635992
-1.27057796049932
-0.280472734960802
-0.900965552241146
0.759692480093004
0.387387996175193
1.21123209445524
0.84310384710884
-0.375854082321895
0.536931604648054
0.920405243884337
-0.217099835775367
0.156722552474782
1.56307111243851
-0.618330948449211
1.01006420085507
-1.36940531475254
0.115556421231067
0.362713601766445
0.25085116189271
0.949506833185803
1.56773130827002
0.8447834531318
0.890328194265172
0.989068905636594
-0.717869962515651
-0.881620217941951
-0.128830342332952
-0.961582382130284
0.917481903000273
0.375613725769036
-0.519028075199023
-0.866254940868095
-1.16414521957129
0.0242419205462159
0.497160890827837
-0.916024818618156
-0.0832691893707376
-1.30298555547154
1.04149163042331
-2.51644286422301
-0.539436689957693
-0.936262533071044
1.24047402097613
-0.575185396437731
-0.906186203398331
0.336064515933623
0.336811396358807
-1.35207522698103
1.35823581207263
-1.63798252049108
2.92273067603319
-0.521048948199553
0.930950355915865
0.645688419903131
0.315325663667115
-1.17212775988802
-0.767907718299159
1.64382372559548
0.490942099550855
-1.51228356135243
0.745259200804563
1.68979488334192
0.0972893277181203
-0.981629195391733
0.392371862594576
-0.807288963239209
-1.21924147386723
-0.764945981697572
1.03578736078561
-0.222853836203444
1.31682232394005
-0.201624825308958
0.400031827129409
-0.888141834567589
0.438364314437837
0.664643974246894
0.26329316444217
-0.416332754249405
-0.273363897929589
1.0505880348069
-2.23485081035809
0.690789787140327
-0.302409338562363
-0.214080890297126
-1.10403034095785
0.326243032930524
-1.04791186728801
0.176245077765184
-1.21619325600777
-0.232607102230558
0.171514700390917
0.761422212424036
-0.590472584879405
-0.144915978987891
2.8579464752182
-0.861632128255752
-0.14717876464644
-0.632262917454053
-1.05032249463071
-0.553977576582542
-0.213772344739292
0.964829949831841
-2.08588417480123
0.338544885761483
-2.9677609201344
0.67591232696463
-1.34432190356607
0.816363522545534
-1.60821125639318
-0.212408623713372
-0.772966005193934
-1.48924264197884
-0.175280014802455
-2.17781579519265
1.78013161950077
-1.89966809112127
-0.91587040656843
0.61523412769939
0.863470095340747
0.672980615981653
1.36634168480869
1.30990186586953
-0.323437405007109
-1.59434469129615
0.793315388398332
0.589562390685128
1.16040097400815
0.388347758434689
-0.414911248846152
-0.793852092418415
0.178026711137759
2.39692194241091
-2.35842614284073
-0.68184034787643
1.64832885855049
0.127706099771904
0.756201918107726
-0.415099306707375
-0.0355887653050668
-0.0557900004643663
0.102988427748173
0.583014312456264
0.849099440480445
1.31306496236917
0.345764569703051
-0.293509335797435
0.681419652844647
-0.823511612457323
-0.285818147750251
0.964536251412258
-0.431478058838752
0.805354810739516
-0.0178662295099995
0.869619447580507
-0.0952826113048636
-0.257465779915676
-0.887144277960795
-0.384431012254194
1.0748735747281
0.521950027673369
-1.32224556283719
-0.497686366085476
-0.743643005981103
-0.162765539576714
-0.0614384951747235
0.272874323309956
0.459611926327892
-0.799908719598671
-0.321504541096113
-0.515613628583374
-0.761964251271252
-0.181408095325201
1.90602442639338
-0.60095501841185
1.30823345652828
1.60335097751965
-0.338262285094286
